cam0:
  cam_overlaps: [1, 2, 4, 5]
  camera_model: omni
  distortion_coeffs: [1.5146087613425627, -1.3661896072406101, -0.0005193357666626895, 0.003453639286991324]
  distortion_model: radtan
  intrinsics: [1.2965947023090074, 974.6136011482606, 971.1250748755352, 584.3997041858466, 313.6703031906759]
  resolution: [1280, 720]
  rostopic: /cam0
cam1:
  cam_overlaps: [0, 2]
  camera_model: omni
  distortion_coeffs: [1.42354174067585, -1.2869155043019775, 0.0010325331154226313, -0.0018920637251266341]
  distortion_model: radtan
  intrinsics: [1.2576735924194908, 962.3141871585925, 958.5288287262321, 595.787001654767, 359.9081054807875]
  resolution: [1280, 720]
  rostopic: /cam1
cam2:
  cam_overlaps: [0, 1, 3]
  camera_model: omni
  distortion_coeffs: [1.1995432346729709, -1.1253863018008323, -0.0018455258140086489, -0.00015426919911400226]
  distortion_model: radtan
  intrinsics: [1.132758857622595, 910.7561103005808, 907.3744776569412, 641.770282267217, 420.98367248320557]
  resolution: [1280, 720]
  rostopic: /cam2
cam3:
  cam_overlaps: [2, 4]
  camera_model: omni
  distortion_coeffs: [1.3433393430768235, -1.293072987778014, 0.003496146708395446, -3.601716092048684e-05]
  distortion_model: radtan
  intrinsics: [1.198247769428984, 935.8575946855889, 931.9840302117419, 633.6161437601826, 401.05276325790726]
  resolution: [1280, 720]
  rostopic: /cam3
cam4:
  cam_overlaps: [0, 3, 5]
  camera_model: omni
  distortion_coeffs: [1.4470136088361492, -1.3354855489514044, -0.001248308132849534, 0.00025681211246663554]
  distortion_model: radtan
  intrinsics: [1.2630663811312208, 964.5611538215497, 960.9622620827822, 596.4153521874797, 328.76851573216817]
  resolution: [1280, 720]
  rostopic: /cam4
cam5:
  cam_overlaps: [0, 4]
  camera_model: omni
  distortion_coeffs: [1.2481104951904505, -1.161586840221041, -0.0011445060454291893, -0.0006667779502616742]
  distortion_model: radtan
  intrinsics: [1.1669700834473684, 924.802240257254, 920.133716810856, 627.7630330411939, 306.9461591360191]
  resolution: [1280, 720]
  rostopic: /cam5
